((("mail" .
	 [1 0 0 0])
	("~/.password/db.txt.cpt" .
	 [0 0 0 0 0 1 0 0 0 0 0 0 0 0 0 0 0 0 0 0 0 0])
	("emacs" .
	 [3 0 0 0 0])
	("export" .
	 [2 0 0 0 0 0])
	("doc" .
	 [1 0 0])
	("ccat" .
	 [1 0 0 0])
	("Racket" .
	 [1 0 0 0 0 0])
	("http://www.w3.org/2001/XMLSchema-datatypes" .
	 [0 0 0 0 1 0 0 0 0 0 0 0 0 0 0 0 0 0 0 0 0 0 0 0 0 0 0 0 0 0 0 0 0 0 0 0 0 0 0 0 0 0])
	("def" .
	 [1 0 0])
	("Junk" .
	 [0 0 1 0])
	("end" .
	 [1 0 0])
	("class" .
	 [0 0 1 1 0])
	("decrypt" .
	 [0 0 1 1 0 0 0])
	("update" .
	 [0 0 1 0 0 0])
	("IpFreely" .
	 [0 0 3 0 0 0 0 0])
	("function" .
	 [0 0 1 0 0 0 0 0])
	("grep" .
	 [2 0 0 0])))
